AC ENG
20000 20001 20002 20006 20020 20022 20023 20025 20026 20027 20028 20029 20030 20031 20032 20034 20035 20036 20037 20038 20039 20040 20041 20042 20043 20044 20045 20046 20047 20048 20049 20050 20056 20057 20058 20059 20060 20061 20062 20063 20064 20065 20066 20067 20068 20069 20071 20072 20073 20074 20075 20077 20078 20079 20080 20081 20083 20084 20085 20086 20087 20088 20089 20091 20092 20093 20099 20100 20102 20107 20113 20114 20115 20116 20117 20119 20121 20123 20126 20127 20130 20140 20150 20164 20170 20182 20184 
AFAM
20240 20310 20460 20480 20485 20490 20535 20540 20800 20802 20804 20806 20808 20810 20812 20850 20852 20854 20856 20858 20860 20900 
ANATOMY
90001 90002 90003 90004 90005 90006 90007 90008 90009 90010 90011 90012 90013 90014 90015 90016 90017 90018 90019 90020 90021 90022 90023 90024 90025 90026 90100 90101 90102 90103 90104 90105 90106 90107 90108 90109 90110 90111 90112 90113 90114 90115 90116 90117 90118 90119 90120 90121 90122 90123 90124 90210 90215 90220 90330 90350 90355 90360 97005 97008 97015 97042 97045 97048 
ANESTH
97053 97056 97058 97059 97060 97065 
ANTHRO
60000 60030 99950 60060 60080 60120 60200 60217 60220 60230 60385 60410 60450 60460 60495 60500 60510 60515 60519 60550 60600 60625 60638 60639 60631 60640 60708 60709 60710 60711 60712 60713 60714 60715 60716 60717 60718 60719 60720 60721 60722 60723 60724 60725 60726 60727 60740 60750 60752 60760 60762 60763 60764 60765 60766 60768 60770 60772 60773 60780 60782 60784 60785 60786 60787 60788 60789 60790 60792 60794 60800 60830 60850 60851 60853 60855 60859 60880 60867 60877 60866 60900 60902 60905 60906 60908 60910 60912 60913 60914 60920 60922 60924 60925 60926 60927 60928 60929 60930 60934 60950 60952 60960 60961 60962 60963 60964 60965 60970 60972 60974 60975 60976 60977 60978 60979 60980 60981 60982 60983 
ARABIC
20955 20970 20975 20980 20981 
ART
01010 01020 01022 01024 01031 01032 01049 01050 01054 01060 01070 01072 01080 01090 01091 01100 01230 01240 01241 01250 01251 01260 01261 01262 01264 01288 01289 01290 01300 01302 01310 01320 01330 01360 01400 01552 01553 01554 01555 01556 01563 01564 01565 01566 01567 01568 01569 01570 01571 01572 01573 01574 01575 01576 01577 01578 01579 01580 01581 01582 01583 01584 01585 01586 01587 01588 01620 01634 01635 01636 01640 01648 01649 01650 01662 01676 01677 01678 01679 01680 01681 01682 01683 01684 01685 01686 01687 01688 01689 01690 01691 01692 01693 01694 01695 01696 01697 01698 01699 01700 01701 01702 01703 01705 01750 01751 01752 01753 01754 01755 01756 01757 01758 01759 01760 01761 01762 01763 01764 01765 01766 01767 01768 01769 01770 01771 01772 01773 01774 01775 
ART HIS
21000 21020 21030 21035 21040 21045 21050 21055 21056 21060 21075 21070 21300 21305 21310 21315 21320 21325 21330 21335 21340 21345 21350 21355 21395 21390 21400 21405 21410 21415 21420 21425 21430 21435 21440 21445 21450 21455 21470 21475 
ART STU

ARTS
01845 
ARTSHUM

ASIANAM
21520 21610 21640 21644 21650 21690 21700 21800 21802 21804 21806 21808 21810 21812 21814 21816 21818 21820 21850 21855 21910 21912 21914 21916 21918 21920 21922 21930 21932 21934 21936 21938 21940 21942 21990 
BANA
39803 39820 39845 39865 
BATS
90411 90413 90420 90430 90450 90451 90452 90456 90470 90471 90472 90475 
BIO SCI
05000 05010 05011 05012 05013 05014 05015 05016 05017 05018 05019 05020 05021 05022 05023 05030 05035 05050 05055 05065 05092 05093 05100 05110 05130 05140 05170 05175 05180 05185 05190 05205 05222 05240 05270 99955 05350 05380 05410 05450 05470 05475 05480 05490 05500 05532 05533 05534 05535 05550 05570 05571 05578 05586 05595 05601 05602 05603 05604 05605 05606 05607 05608 05612 05614 05616 05618 05620 05625 05640 05650 05660 05665 05670 05680 05730 05737 05740 05743 05780 05790 05795 05800 05810 05815 05830 05840 05850 05855 05859 05900 05905 05930 05932 05934 05936 05938 05954 05955 05956 05960 05962 05963 05967 05975 05981 05983 05990 05992 06011 06022 06016 06030 06026 06014 06013 06021 06019 06023 06015 06028 06040 06041 06042 06043 06045 06912 06372 06270 06889 06496 06482 06501 06186 06345 06709 06667 06397 06457 06375 06873 06882 06401 06207 06613 06324 06498 06252 06243 06968 06505 06858 06203 06303 06312 06422 06452 06454 06598 06405 06568 06911 06937 06509 06661 06954 06320 06413 06631 06288 06523 06156 06239 06688 06327 06228 06964 06726 06936 06831 06416 06180 06210 06619 06981 06307 06903 06952 06906 06918 06664 06475 06402 06970 06741 06514 06159 06658 06423 06879 06604 06638 06855 06168 06652 06294 06998 06219 06852 06966 06933 06249 06683 06679 06153 06177 06282 06529 06253 06930 06945 06299 06297 06601 06491 06864 06672 06171 06419 06354 06330 06589 06953 06617 06744 06583 06723 06342 06541 06472 06490 06503 06174 06399 06318 06559 06189 06267 06550 06870 06942 06984 06992 06384 06963 06264 06378 06706 06891 06215 06396 06493 06849 06990 06309 06682 06255 06363 06714 06165 06996 06897 06913 06580 06955 06463 06640 06876 06308 06234 06960 06321 06258 06178 06511 06711 06291 06825 06520 06822 06646 06924 06867 06625 06410 06948 06532 06306 06717 06624 06179 06915 06369 06484 06517 06735 06900 06978 06357 06670 06921 06846 06565 06895 06425 06927 06381 06750 06279 06586 06398 06544 06140 06273 06304 06339 06460 06574 06747 06451 06358 06595 06499 06192 06655 06837 06246 06607 06975 06195 06840 06676 06538 06729 06828 06894 06957 06315 06481 06487 06720 06885 06861 06694 06591 06512 06832 06170 06999 06429 06972 06547 06847 06198 06526 06421 06600 06190 06466 06231 06571 06492 06477 06553 06388 06819 06854 06220 06427 06204 06949 06285 06939 06530 06649 06336 06276 06628 06366 06393 06469 06969 06348 06360 06577 06958 06634 06524 06237 06951 06150 06201 06570 06738 06390 06834 06610 06508 06732 06987 06162 06261 06213 06183 06448 06622 06535 06430 06888 06225 
BIOCHEM
90506 90530 90518 90520 90526 90534 90528 90508 90532 90509 90540 90524 90522 90502 90516 90510 90542 90543 90504 90514 90538 90511 90512 90536 90700 90702 90704 90706 90708 90710 90712 90714 90716 90717 90718 90720 90722 90724 90726 90728 90730 90734 90736 90738 90740 90742 90743 90744 90804 90830 90818 90820 90826 90834 90828 90806 90832 90824 90840 90822 90800 90810 90816 90808 90842 90844 90802 90814 90838 90809 90812 90836 90950 90963 90964 90966 90970 90972 97108 
BME
14000 14015 14030 14050 14070 14100 14110 14130 14170 14182 14180 14195 14200 14202 14204 14206 14208 14210 14212 14214 14216 14218 14220 14222 14224 14226 14228 14230 14232 14234 14236 14238 14240 14242 14244 14246 14248 14250 14252 14254 14300 14308 14310 14320 14330 14340 14350 14360 14370 14400 14402 14404 14406 14408 14410 14412 14414 14416 14418 14420 14422 14424 14426 14428 14430 14432 14434 14436 14438 14440 14442 14386 14384 14382 14500 14502 14504 14506 14508 14510 14512 14514 14516 14518 14520 14522 14524 14526 14528 14530 14532 14534 14536 14538 14540 14542 14544 14546 14548 14550 14552 14554 14556 14558 14560 14562 14600 14602 14604 14606 14608 14610 14612 14614 14616 14618 14620 14622 14624 14626 14628 14630 14632 14634 14636 14638 14640 14642 14644 14646 14648 14650 14652 14654 14656 14658 14660 14662 14664 14666 14700 14800 14802 14804 14806 14808 14810 14812 14814 14816 14818 14820 14822 14824 14826 14828 14830 14832 14834 14836 14838 14840 14842 14844 14845 14846 14848 14850 14852 14854 14856 14858 14860 14862 
BSEMD

CAMPREC

CBEMS
15000 15005 15010 15015 15020 15030 15035 15045 15060 15070 15071 15072 15080 15085 15086 15087 15088 15089 15095 15100 15110 15125 15126 15200 15202 15204 15206 15208 15210 15212 15214 15216 15218 15220 15222 15224 15226 15228 15230 15232 15234 15236 15238 15240 15242 15244 15246 15248 15250 15252 15254 15256 15305 15315 15500 15502 15504 15506 15508 15510 15512 15514 15516 15518 15520 15522 15524 15526 15528 15600 15602 15604 15606 15608 15610 15612 15614 15616 15618 15620 15622 15624 15626 15628 15630 15632 15634 15636 15638 15640 15642 15644 15646 15648 15650 15652 15654 15656 15700 15702 15704 15706 15708 15710 15712 15714 15716 15718 15720 15722 15724 15726 15728 15730 15732 15734 15736 15738 15740 15742 15744 15746 15748 15750 15752 15754 15756 15800 15900 15902 15904 15906 15908 15910 15912 15914 15916 15918 15920 15922 15924 15926 15928 15930 15932 15934 15936 15938 15940 15942 15944 15946 15948 15950 15952 15954 15956 
CEM

CHC/LAT
61000 61010 61020 61040 61100 61105 61110 61130 61150 61160 61170 61180 61200 61220 61225 61330 61331 61332 61333 61334 61335 61336 61337 61338 61339 61341 61350 61351 61352 61353 61354 61355 61356 61357 61358 61359 61361 61400 61401 61402 61403 61404 61405 61406 61407 61408 61409 61411 61450 61455 61460 61465 61500 61501 61502 61503 61504 61505 61506 61507 61508 61509 61511 61570 61571 61572 61573 61574 61575 61576 61577 61578 61579 61581 
CHEM
40000 40050 40070 40200 40220 40240 40260 99960 40326 40327 40330 40334 40336 40338 40351 40353 40354 40355 40358 40359 40361 40362 40363 40366 40367 40368 40385 40403 40405 40407 40409 40450 40514 40516 40518 40520 40660 40700 40760 40775 40813 40814 40815 40816 40817 40818 40819 40820 40821 40822 40823 40824 40825 40826 40827 40828 40829 40830 40831 40835 40836 40837 40838 40839 40840 40841 40842 40843 40844 40845 40846 40847 40848 40849 40850 40851 40852 40853 40854 40855 40856 40857 40858 40859 40860 40861 40862 40863 40864 40865 40869 40870 40871 40872 40873 40874 40875 40876 40877 40878 40879 40880 40900 40901 40902 40903 40904 40905 40906 40907 40908 40922 40924 40928 40930 40932 40934 40936 40938 40939 40952 40953 40954 40955 40956 40957 40958 40959 40980 41000 41011 41012 41013 41014 41015 41016 41017 41018 41020 41025 41035 41040 41046 41047 41048 41050 41070 41081 41082 41083 41084 41085 41086 41087 41088 41089 41090 41100 41101 41102 41103 41104 41106 41108 41110 41112 41114 41116 41117 41118 41120 41122 41124 41125 41126 41128 41129 41130 41131 41132 41134 41136 41137 41138 41139 41140 41142 41143 41144 41146 41148 41150 41152 41153 41154 41156 41157 41158 41160 41162 41164 41166 41167 41168 41169 41171 41174 41176 41177 41178 41179 41180 41181 41182 41184 41186 41188 41192 41196 41198 41200 41260 41262 41277 41282 41300 41301 41302 41303 41304 41306 41308 41309 41310 41312 41314 41315 41316 41317 41318 41319 41322 41323 41324 41325 41326 41327 41328 41329 41330 41333 41334 41335 41336 41337 41338 41339 41340 41341 41342 41344 41346 41348 41349 41350 41352 41354 41355 41356 41358 41360 41362 41364 41366 41367 41368 41369 41372 41373 41374 41376 41377 41378 41380 41382 41384 41386 41388 41390 41402 41410 41420 41460 41464 41470 41475 41491 41493 41502 41520 41530 41600 41601 41602 41603 41604 41606 41608 41610 41612 41614 41615 41616 41617 41618 41622 41624 41625 41626 41628 41629 41630 41631 41632 41634 41636 41637 41638 41640 41641 41644 41645 41646 41648 41650 41651 41652 41654 41655 41656 41658 41660 41662 41664 41666 41667 41668 41669 41672 41673 41674 41675 41676 41677 41678 41680 41682 41684 41686 41690 41692 41693 41694 41695 41750 41752 41754 41756 41800 41801 41802 41803 41804 41806 41808 41810 41812 41814 41815 41816 41817 41818 41822 41824 41825 41826 41828 41829 41830 41831 41832 41834 41836 41837 41838 41840 41841 41842 41844 41846 41848 41850 41851 41852 41854 41855 41856 41858 41860 41862 41864 41866 41867 41868 41869 41872 41873 41875 41876 41877 41879 41880 41881 41882 41884 41886 41890 41892 41894 41900 41950 41990 
CHINESE
22022 22024 22036 22060 22080 22090 22095 22150 22152 22154 22156 22158 22170 22172 22174 22180 22182 22184 
CLASSIC
22250 22300 22400 22440 22455 22460 22461 22462 22463 22464 22470 22480 22482 22484 22486 22490 22530 22532 22534 22536 22540 22550 22552 22554 22556 22560 22570 22572 22574 22576 22580 22584 22590 22595 
CLT&THY
22610 22612 22660 22662 22664 22666 22668 22680 22682 22684 22686 22688 
COGS

COM LIT
22700 22710 22718 22729 22736 22771 22804 22809 22829 22830 22831 22832 22833 22834 22835 22836 22837 22838 22839 22840 22841 22842 22843 22854 22863 22861 22862 22856 22853 22867 22868 22869 22870 22871 22872 22873 22874 22875 22876 22877 22878 22879 22880 22881 22882 22885 22886 22887 22888 22889 22890 22891 22892 22893 22894 22895 22896 22897 22898 22899 22904 22905 22906 22907 22908 22909 22910 22911 22912 22913 22914 22915 22916 22917 22918 22919 22920 22921 22942 
COMPSCI
34110 34120 34130 34140 34150 34155 34160 34170 34175 34190 34200 34210 34220 34222 34223 34224 34225 34226 34227 34228 34229 34240 34250 34260 34270 34280 34290 34300 34310 34320 34330 34340 34400 34401 34402 34403 34404 34405 34406 34407 34408 34409 34410 34411 34412 34413 34414 34415 34416 34417 34418 34419 34420 34421 34422 34423 34424 34425 34426 34427 34428 34429 34430 34431 34432 34433 34434 34435 34436 34437 34438 34439 34440 34441 34442 34443 34444 34445 34446 34447 34448 34449 34450 34451 34452 34453 34454 34455 34501 34502 34503 34504 34505 34506 34507 34508 34509 34510 34511 34512 34513 34514 34515 34516 34517 34518 34519 34520 34521 34522 34523 34524 34525 34526 34527 34528 34529 34530 34531 34532 34533 34534 34535 34536 34537 34538 34539 34540 34541 34542 34543 34544 34545 34546 34547 34548 34549 34550 34551 34552 34553 34554 34555 34600 34620 34630 34640 34650 34660 34670 34680 34700 34710 34720 34740 34750 34760 34770 34780 34800 34810 34820 34830 34840 34901 34902 34903 34904 34905 34906 34907 34908 34909 34910 34911 34912 34913 34914 34915 34916 34917 34918 34919 34920 34921 34922 34923 34924 34925 34926 34927 34928 34929 34930 34931 34932 34933 34934 34935 34936 34937 34938 34939 34940 34941 34942 34943 34944 34945 34946 34947 34948 34949 34950 35010 35005 35000 35101 35102 35103 35104 35105 35106 35107 35108 35109 35110 35111 35112 35113 35114 35115 35116 35117 35118 35119 35120 35121 35122 35123 35124 35125 35126 35127 35128 35129 35130 35131 35132 35133 35134 35135 35136 35137 35138 35139 35140 35141 35142 35143 35144 35145 35146 35147 35148 35149 35150 35151 35201 35202 35203 35204 35205 35206 35207 35208 35209 35210 35211 35212 35213 35214 35215 35216 35217 35218 35219 35220 35221 35222 35223 35224 35225 35226 35227 35228 35229 35230 35231 35232 35233 35234 35235 35236 35237 35238 35239 35240 35241 35242 35243 35244 35245 35246 35247 35248 35249 35250 35251 
CRITISM

CRM/LAW
52000 52010 99965 52020 52031 52050 52070 52080 52085 52090 52130 52140 52250 52320 52325 52330 52340 52350 52360 52420 52430 52440 52450 52460 52510 52515 52520 52525 52526 52530 52541 52550 52700 52702 52704 52705 52706 52708 52710 52712 52714 52716 52718 52720 52722 52724 52726 52728 52730 52732 52736 52738 52739 52740 52741 52742 52744 52750 52752 52754 52756 52758 52759 52760 52800 52802 52804 52806 52808 52810 52812 52814 52816 52818 52820 52822 52824 52826 52828 52830 52832 52834 52840 52841 52842 52843 52844 52846 52852 52854 52855 52856 52857 52858 52859 52900 52902 52904 52906 52908 52910 52912 52914 52916 52918 52920 52922 52924 52926 52928 52930 52932 52934 52938 52940 52941 52942 52943 52944 52946 52952 52954 52955 52956 52957 52958 52959 
CSE
16040 35640 16050 35650 16070 35670 16090 16095 35690 35695 16210 35720 16220 16225 35730 35735 16230 35740 16250 35750 16280 35780 16290 35790 16300 35800 16310 35810 16312 16313 16314 16315 16316 16317 16318 16319 35812 35813 35814 35815 35816 35817 35818 35819 16330 35830 16370 16371 16372 16373 16374 16375 16376 16377 16378 16379 16380 16381 16382 16383 16384 16385 16386 16387 16388 16389 16390 16391 16392 16393 16394 16395 16396 16397 16398 16399 16400 16401 16402 16403 16404 16405 16406 16407 16408 16409 16410 16411 16412 16413 16414 16415 16416 35870 35871 35872 35873 35874 35875 35876 35877 35878 35879 35880 35881 35882 35883 35884 35885 35886 35887 35888 35889 35890 35891 35892 35893 35894 35895 35896 35897 35898 35899 35900 35901 35902 35903 35904 35905 35906 35907 35908 35909 35910 35911 35912 35913 35914 35915 35916 16450 16451 
DANCE
02003 02030 02040 02050 02055 02060 02065 02080 02085 02110 02120 02130 02140 02160 02167 02197 02205 02220 02280 02285 02290 02300 02310 02320 02322 02325 02330 02350 02360 02370 02375 02390 02396 02400 02470 02496 02490 02497 02498 02500 02501 02502 02503 02505 02507 02508 02510 02520 02537 02541 02542 02544 02545 02546 02547 02548 02549 02552 02553 02554 02556 02557 02558 02560 02561 02562 02565 02570 02575 02590 02600 02605 02610 02620 02680 02690 02695 02700 02710 02730 02733 02735 02740 02741 02743 02744 02745 02750 02760 02765 02770 02780 02785 02787 02788 02789 02790 02791 02792 02793 02799 02796 02830 02834 02835 02837 02850 02870 02875 02885 02887 02888 02889 02890 02892 02920 
DERM
97153 97154 97156 97158 97159 
DEV BIO
08205 08271 08288 08277 08284 08300 08233 08218 08210 08287 08245 08292 08280 08296 08301 08232 08265 08275 08269 08299 08298 08270 08283 08268 08289 08212 08281 08297 08231 08291 08286 08207 08293 08600 08602 08604 08606 08608 08614 08616 08618 08620 08626 08632 08634 08636 08638 08640 08642 08644 08646 08648 08650 08652 08656 08658 08660 08662 08663 08664 08665 08666 08667 08700 08750 08725 08704 08754 08766 08777 08722 08710 08727 08778 08764 08718 08756 08780 08774 08706 08716 08738 08752 08746 08729 08779 08748 08762 08742 08768 08758 08776 08724 08702 08720 08800 08815 08850 08852 08860 08870 08902 08910 08917 08990 
DRAMA
03040 03050 03052 03054 03056 03058 03063 03065 03070 03080 03082 03084 03086 03088 03090 03100 03104 03110 03120 03122 03125 03154 03150 03151 03152 03200 03205 03210 03215 03220 03222 03314 03322 03318 03320 03330 03332 03360 03347 03367 03345 03365 03370 03380 03390 03395 03400 03402 03410 03425 03427 03430 03455 03465 03470 03480 03484 03486 03490 03491 03492 03500 03501 03502 03503 03504 03505 03506 03507 03508 03509 03511 03512 03515 03516 03520 03522 03523 03524 03525 03526 03527 03528 03530 03532 03533 03534 03535 03536 03538 03540 03542 03544 03600 03602 03604 03612 03614 03610 03624 03620 03622 03630 03632 03634 03640 03650 03652 03663 03660 03733 03670 03672 03674 03676 03678 03680 03682 03684 03686 03688 03690 03692 03694 03696 03698 03700 03702 03704 03706 03708 03710 03712 03714 03716 03718 03720 03722 03724 03726 03728 03732 03730 03734 03736 03737 03738 03739 03741 03742 03746 03748 03744 03758 03760 03762 03775 03780 03790 03800 03810 03850 03851 03872 03880 03910 03912 03914 03915 03916 03918 03919 03920 03922 03925 03926 03927 03928 03929 03930 03931 03932 03933 03934 03935 03936 03937 03938 03939 03943 03944 03945 03946 03947 03948 03949 03950 03952 03953 03954 03956 03957 03958 03960 03961 03963 03965 03970 03972 03980 03985 03986 03988 
E ASIAN
23000 23030 23085 23092 23094 23120 23125 23130 23180 23190 23191 23192 23193 23194 23195 23202 23204 23206 23208 23210 23212 23214 23216 23220 23222 23224 23226 23228 23230 23290 
EARTHSS
42000 42020 42030 42040 42050 42052 42060 42070 42076 42080 42090 42100 42120 42140 42150 42160 42180 42190 42191 42200 42202 42204 42206 42208 42210 42212 42214 42216 42218 42220 42222 42224 42226 42228 42230 42232 42234 42236 42238 42240 42242 42244 42246 42248 42250 42252 42254 42300 42302 42304 42306 42308 42310 42312 42314 42316 42318 42320 42322 42324 42326 42328 42330 42332 42334 42336 42338 42340 42342 42344 42346 42348 42350 42352 42354 42400 42402 42404 42406 42408 42410 42412 42414 42416 42418 42420 42422 42424 42426 42428 42430 42432 42434 42436 42438 42440 42442 42444 42446 42448 42450 42452 42454 42500 42502 42504 42506 42508 42510 42512 42514 42516 42518 42520 42522 42524 42526 42528 42530 42532 42534 42536 42538 42540 42542 42544 42546 42548 42550 42552 42554 42600 42610 42620 42667 42663 42668 42666 42664 42665 42669 42770 42800 42802 42804 42806 42808 42810 42812 42814 42816 42818 42820 42822 42824 42826 42828 42830 42832 42834 42836 42838 42840 42842 42844 42846 42848 42850 42852 42854 42980 42982 42984 42986 42988 42990 42992 42994 42996 
ECO EVO
09021 09002 09039 09005 09007 09018 09023 09030 09006 09020 09042 09017 09025 09003 09004 09014 09015 09019 09037 09027 09043 09011 09013 09033 09038 09026 09041 09040 09028 09001 09022 09008 09029 09024 09009 09032 09016 09010 09044 09012 09036 09035 09031 09055 09210 09305 09340 09350 09355 09370 09400 09500 09990 
ECON
62000 62010 62030 62050 62060 62090 62110 99968 62130 62140 62160 62180 62200 62205 62210 62220 62235 62250 62255 62260 62265 62275 62285 62290 62300 62310 62315 62320 62325 62335 62340 62350 62352 62354 62356 62358 62360 62362 62364 62380 62382 62384 62390 62392 62394 62396 62400 62402 62404 62406 62408 62410 62412 62414 62416 62418 62420 62422 62424 62426 62428 62432 62434 62436 62438 62440 62446 62448 62450 62452 62454 62460 62462 62500 62505 62515 62520 62525 62530 62535 62540 62550 62553 62545 62556 62565 62560 62570 62575 62580 62802 62804 62806 62808 62810 62812 62814 62816 62818 62820 62822 62824 62826 62828 62830 62834 62836 62838 62840 62842 62846 62848 62850 62852 62854 62860 62862 62864 62866 62868 62902 62904 62906 62908 62910 62912 62914 62916 62918 62920 62922 62924 62926 62928 62930 62932 62934 62936 62938 62940 62942 62946 62948 62950 62952 62954 62960 62962 62964 62966 62968 62970 
ECPS
16900 16910 16935 
ED AFF
97143 97161 97164 97165 
EDUC
12000 12007 12010 12020 12030 12035 12040 12050 12060 12070 12080 12090 12100 12110 12120 12130 12135 12140 12150 12160 12165 12170 12180 12190 12200 12248 12259 12270 12282 12295 12300 12305 12310 12320 12325 12330 12340 12350 12360 12370 12380 12390 12400 12405 12410 12415 12416 12418 12419 12420 12421 12422 12424 12425 12426 12427 12428 12429 12432 12433 12435 12436 12437 12438 12439 12440 12441 12442 12443 12444 12445 12446 12447 12448 12449 12450 12457 12458 12459 12460 12461 12462 12463 12464 12465 12466 12467 12468 12469 12470 12471 12472 12473 12474 12475 12476 12477 12478 12479 12480 12481 12482 12483 12484 12485 12486 12487 12488 12489 12490 12491 12492 12493 12494 12495 12500 12510 12535 12530 12520 12540 12541 12542 12543 12545 12550 12560 12600 12601 12602 12603 12604 12605 12606 12607 12608 12609 12610 12611 12612 12613 12614 12615 12616 12617 12618 12619 12620 12621 12622 12623 12624 12625 12626 12627 12628 12629 12630 12631 12632 12645 12650 12651 12652 12653 12654 12655 12656 12657 12658 12659 12660 12661 12662 12663 12664 12665 12666 12667 12669 12670 12671 12672 12673 12674 12675 12676 12677 12678 12679 12680 12681 12682 12683 12691 12721 12722 12723 12724 12725 12726 12727 12729 12732 12734 12735 12737 12741 12743 12745 12747 12749 12750 12751 12752 12753 12754 12755 12756 12757 12758 12759 12760 12761 12762 12763 12764 12765 12785 12786 12792 12810 12811 12832 12834 12864 12871 12886 12893 12900 12903 12904 12910 12911 12920 12921 12930 12931 12990 
EECS
18000 18020 18021 18040 18130 18170 18180 18181 18182 18183 18184 18185 18186 18187 18190 18200 18205 18212 18213 18215 18220 18226 18240 18250 18260 18261 18262 18263 18264 18265 18266 18267 18268 18269 18270 18271 18272 18273 18274 18275 18276 18277 18278 18279 18280 18281 18282 18283 18284 18285 18286 18287 18288 18289 18290 18291 18292 18293 18294 18295 18296 18297 18298 18299 18300 18301 18302 18303 18304 18305 18306 18309 18315 18320 18321 18322 18323 18324 18355 18365 18366 18367 18368 18369 18370 18371 18372 18373 18375 18380 18485 18495 18500 18501 18502 18503 18504 18505 18506 18507 18508 18509 18510 18511 18512 18513 18514 18515 18516 18517 18518 18519 18520 18521 18522 18523 18524 18525 18526 18527 18528 18529 18530 18531 18532 18533 18534 18610 18615 18630 18635 18650 18660 18670 18690 18700 18705 18710 18725 18730 18735 18800 18801 18802 18803 18804 18805 18806 18807 18808 18809 18810 18811 18812 18813 18814 18815 18816 18817 18818 18819 18820 18821 18822 18823 18824 18825 18826 18827 18828 18829 18830 18831 18832 18850 18851 18852 18853 18854 18855 18856 18857 18858 18859 18860 18861 18862 18863 18864 18865 18866 18867 18868 18869 18870 18871 18872 18873 18874 18875 18876 18877 18878 18879 18880 18881 18882 18883 18884 18885 18900 18901 18902 18903 18904 18905 18906 18907 18908 18909 18910 18911 18912 18913 18914 18915 18916 18917 18918 18919 18920 18921 18922 18923 18924 18925 18926 18927 18928 18930 18931 18932 18933 18934 18935 18950 18951 18952 18953 18954 18955 18956 18957 18958 18959 18960 18961 18962 18963 18964 18965 18966 18967 18968 18969 18970 18971 18972 18973 18974 18975 18976 18977 18978 18979 18980 18981 18982 18983 18984 18985 18986 
EHS
91065 91260 91435 91436 91437 91438 91439 91440 91441 91442 91443 91444 91445 91446 91448 91460 91470 91475 91476 91477 91478 91479 91480 91481 91482 91483 91484 91485 91486 91488 
ENGLISH
23300 23310 23332 23320 23354 23350 23352 23360 23372 23374 23371 23380 23382 23386 23389 23400 23410 23452 23450 23454 23460 23464 23462 23600 23602 23604 23650 23652 23654 23656 23658 23660 23802 23806 23800 23810 23820 23900 23902 23904 23906 23908 23910 23912 23914 23916 23918 23920 23950 23952 23970 23982 23984 
ENGR
13000 13001 13020 13025 13130 13150 13180 13200 13250 13252 13320 13322 13324 13326 13328 13330 13332 13334 13340 13342 13344 13346 13300 13310 13370 13380 13400 13405 13410 13415 13420 13425 13430 13435 13440 13450 13500 13505 13550 13600 13602 13604 13606 13608 13650 13700 13800 13802 13804 13806 13808 13810 13812 13814 13816 13818 13820 13822 13824 13826 13828 13830 13950 13965 13990 13992 13994 13996 13998 
ENGRCEE
17000 17015 17040 17060 17070 17080 17100 17120 17121 17122 17123 17124 17125 17126 17140 17150 17160 17180 17200 17220 17230 17245 17250 17271 17269 17280 17300 17302 17304 17306 17308 17310 17312 17314 17316 17318 17320 17322 17324 17326 17328 17329 17330 17332 17334 17336 17338 17340 17342 17344 17346 17348 17350 17352 17354 17356 17358 17360 17362 17400 17420 17430 17460 17470 17480 17500 17580 17600 17605 17620 17640 17670 17661 17700 17702 17704 17706 17708 17710 17712 17714 17716 17718 17720 17722 17724 17726 17728 17730 17732 17734 17736 17738 17740 17742 17744 17746 17748 17750 17752 17754 17756 17758 17760 17762 17764 17800 17802 17804 17806 17808 17810 17812 17814 17816 17818 17820 17822 17824 17826 17828 17830 17832 17834 17836 17838 17840 17842 17844 17846 17848 17850 17852 17854 17856 17858 17860 17862 17864 17884 17880 17881 17900 17902 17904 17906 17908 17910 17912 17914 17916 17918 17920 17922 17924 17926 17928 17930 17932 17934 17936 17938 17940 17942 17944 17946 17948 17950 17952 17954 17956 17958 17960 17962 
ENGRMAE
19000 19010 19030 19040 19056 19058 19060 19046 19044 19048 19064 19050 19042 19062 19080 19085 19090 19095 19100 19110 19120 19130 19145 19160 19170 19180 19190 19200 19206 19210 19220 19278 19250 19298 19308 19262 19314 19316 19294 19284 19312 19300 19268 19304 19302 19306 19310 19258 19289 19252 19276 19282 19270 19260 19320 19274 19296 19254 19266 19280 19272 19256 19318 19264 19350 19366 19368 19370 19356 19354 19358 19374 19360 19352 19372 19400 19405 19402 19450 19452 19453 19454 19455 19456 19457 19458 19459 19460 19461 19462 19463 19464 19465 19466 19467 19468 19469 19470 19472 19473 19474 19475 19476 19478 19479 19480 19481 19482 19483 19484 19485 19486 19500 19505 19510 19515 19520 19525 19530 19535 19540 19545 19550 19555 19559 19650 19651 19652 19653 19654 19655 19656 19657 19658 19659 19660 19661 19662 19663 19664 19665 19666 19667 19668 19669 19670 19671 19672 19673 19674 19675 19676 19677 19678 19700 19705 19730 19731 19733 19734 19736 19737 19738 19740 19741 19742 19743 19744 19745 19746 19747 19748 19749 19750 19751 19752 19753 19754 19755 19756 19757 19758 19759 19760 19761 19762 19763 19800 19801 19802 19804 19805 19806 19807 19808 19809 19810 19811 19812 19813 19814 19815 19816 19817 19818 19819 19820 19821 19822 19823 19824 19825 19826 19827 19828 19829 19830 19831 19880 19900 19901 19902 19903 19904 19905 19906 19907 19908 19909 19910 19911 19912 19913 19914 19915 19916 19917 19918 19919 19920 19921 19922 19923 19924 19925 19926 19927 19928 19929 19930 19931 19932 
ENGRMSE
19990 19994 
EPIDEM
91504 91502 91515 91538 91521 91510 91536 91539 91500 91505 91531 91535 91503 91530 91522 91501 91525 91537 91590 91630 91650 91651 91655 91695 91659 91660 91667 91699 91713 91654 91666 91709 91830 91806 91810 91812 91805 91821 91815 91808 91736 91751 91752 91755 91760 91811 91816 91819 91828 91801 91822 91829 91814 91820 91802 91825 91827 91740 91741 91742 91750 91902 91905 91919 91940 91942 91903 91904 91906 91926 91908 91945 91936 91901 91934 91937 91929 91833 91911 91938 91917 91914 91918 91931 91932 91933 91924 
ER MED
97211 97212 97215 97216 97246 97255 97299 
EURO ST
24010 24030 24040 24063 24064 24080 24081 24082 24083 24084 24085 24086 24087 24088 24089 24090 24091 
FAM MED
97171 97183 97184 97188 97190 97192 97193 97195 97196 97197 97199 97200 97202 97203 97204 97210 
FIN
39925 39946 39948 39950 39955 39987 
FLM&MDA
24100 24110 24150 24200 24210 24220 24230 24240 24250 24260 24270 24280 24290 24300 24320 24310 24340 24400 24401 24402 24403 24404 24405 24406 24407 24408 24409 24410 24411 24412 24413 24414 24415 24416 24417 24450 24451 24452 24453 24454 24455 24456 24457 24458 24459 24460 24461 24462 24463 24464 24465 24466 24467 24500 24501 24502 24503 24504 24505 24506 24507 24508 24509 24510 24511 24512 24513 24514 24515 24516 24517 24600 24601 24602 24603 
FRENCH
24807 24808 24809 24810 24811 24821 24850 24851 24852 24872 24881 24887 24896 24911 24929 24940 24947 24948 24949 24950 24951 24974 24975 24991 
GEN&SEX
25030 25050 25202 25340 25350 25360 25400 25404 25406 25407 25408 25410 25500 25550 25554 25555 25556 25557 25558 25590 25592 
GERMAN
25605 25606 25607 25608 25615 25640 25641 25682 25741 25775 25776 25777 25778 25779 25780 25781 25782 25786 25801 25803 25804 25805 25806 25807 25808 25809 25810 25811 25812 25813 25814 25815 25816 25817 25818 25819 25820 25821 25822 25823 25824 25825 25826 25837 25838 
GLBL ME
26000 
GLBLCLT
26281 
GREEK
26310 26320 26330 26340 26350 26352 26354 26356 26358 
HEBREW
26430 26440 26490 
HINDI

HISTORY
26510 26520 26540 26550 26560 26570 26585 26590 26610 26620 26630 26640 26650 26660 26670 26675 26680 26690 26700 26703 26710 26730 26735 26750 26760 26771 26773 26775 26779 26780 26781 26782 26783 26784 26785 26786 26830 26840 26850 26860 26870 26880 26890 26891 26892 26893 26894 26895 26896 26897 26930 26931 26932 26933 26934 26935 26936 26937 26938 26939 26940 26941 26942 26943 26944 26945 26946 26947 26948 26949 26950 26951 26952 26953 26954 26955 26956 26957 26958 26959 26960 26961 26962 26963 26964 26965 26966 26970 
HUMAN
27600 27700 27800 28010 28020 28100 28110 28120 27601 27602 27603 27604 27605 27606 27607 27608 27609 27611 27702 27703 27704 27705 27706 27708 27709 27710 27711 27712 27713 27801 27802 27803 27804 27805 27806 27807 27808 27809 27810 27812 28011 28022 28101 28102 28103 28104 28105 28111 28112 28113 28114 28115 28121 28122 28123 28125 28127 28128 28250 28275 28300 28350 28500 28580 28582 28590 28592 28610 28620 28684 28680 28686 28682 28700 28790 28792 
HUMARTS

I&C SCI
36000 36010 36020 36030 36040 36050 36090 36110 36115 36140 36160 36180 36185 36200 36220 36240 36270 36250 36251 36252 36253 36254 36255 36280 36281 36282 36283 36284 36285 36300 36320 36330 36370 36380 36390 36400 36410 36440 36450 36470 36475 36495 
IN4MATX
36600 36620 36630 36640 36650 36660 36670 36680 36690 36700 36710 36720 36730 36740 36760 36770 36801 36802 36803 36804 36805 36806 36807 36808 36809 36810 36811 36812 36813 36814 36815 36816 36817 36818 36819 36820 36821 36822 36823 36824 36825 36826 36827 36828 36829 36830 36831 36832 36833 36834 36851 36852 36853 36854 36855 36856 36857 36858 36859 36860 36861 36862 36863 36864 36865 36866 36867 36868 36869 36870 36871 36872 36873 36874 36875 36876 36877 36878 36879 36880 36881 36882 36883 36884 36885 36910 36920 36925 36930 36940 36950 36960 36970 37000 37005 37051 37052 37053 37054 37055 37056 37057 37058 37059 37060 37061 37062 37063 37064 37065 37066 37067 37068 37069 37070 37071 37072 37073 37074 37075 37076 37077 37078 37079 37080 37081 37097 37091 37094 37101 37102 37103 37104 37105 37106 37107 37108 37109 37110 37111 37112 37113 37114 37115 37116 37117 37118 37119 37120 37121 37122 37123 37124 37125 37126 37127 37128 37129 37130 37131 37151 37152 37153 37154 37155 37156 37157 37158 37159 37160 37161 37162 37163 37164 37165 37166 37167 37168 37169 37170 37171 37172 37173 37174 37175 37176 37177 37178 37179 37180 37181 
INT MED
97116 97232 97233 97235 97236 97243 97244 97247 97248 97249 97250 97251 97252 97253 97254 97256 97257 97260 97268 97271 97272 97273 97275 97276 97278 97279 97280 97282 97284 97286 97295 97296 97297 97302 97303 
INTL ST
64010 64050 64080 64300 64310 64315 64318 64322 64325 64360 64370 64375 64400 64425 64435 64440 64450 64460 64530 64525 64515 64545 64543 64510 64520 64500 64527 64547 64540 64535 64550 64555 64740 64720 64710 64785 64700 64715 64760 64605 64730 64765 64610 64745 64775 64780 64770 64900 64901 64902 64903 64904 64905 64906 64907 64908 64909 64910 64911 64912 64913 64914 64915 64940 64950 64951 
ITALIAN
28811 28812 28856 28866 28886 
JAPANSE
28901 28902 28903 28904 28905 28906 28920 28922 28950 29000 29100 29102 29104 29106 29250 29252 29254 29256 29290 29292 29294 29296 
KOREAN
29310 29312 29314 29316 29330 29340 29350 29500 29502 29504 
LATIN
29700 29710 29715 29725 29730 29732 29734 29736 29740 
LAW
84995 
LINGUIS
65020 65200 65220 65350 65430 65450 65470 65480 65500 65600 65610 65700 65725 65740 65895 65900 65904 65905 
LIT JRN
29820 29822 29830 29840 29850 29860 29864 29862 29884 29880 30100 30102 30104 30106 30108 30110 30112 30114 30116 30118 
LPS
66000 66020 66030 66040 66060 66100 66200 66350 66500 66510 66600 66610 66620 66630 66635 66640 66645 66650 66660 66665 66670 66675 66710 66725 66740 66730 66745 66770 66775 66790 66797 66795 66793 66800 66810 66820 66830 66840 66845 66847 66850 66860 66870 66880 66890 66910 66920 66925 66930 66940 66945 66947 66950 66960 66970 66980 66990 
M&MG
92514 92516 92507 92519 92504 92521 92502 92520 92524 92529 92533 92554 92556 92558 92560 92564 92566 92572 92576 92578 92580 92584 92586 92600 92602 92604 92608 92614 92616 92618 92620 92622 92626 92630 92634 92706 92727 92730 92740 92750 92765 92780 92900 92902 92904 92906 92910 92912 92990 
MATH
44000 44200 44210 44240 44250 44270 44280 44290 44295 44298 44350 44360 44370 44380 44390 44410 44420 44440 44460 44470 44480 44483 44486 99970 44500 44510 44530 44533 44536 44540 44550 44560 44563 44580 44582 44585 44590 44595 44600 44605 44607 44610 44612 44615 44617 44620 44640 44650 44660 44665 44710 44730 44800 44815 44850 44860 44940 44950 44953 45000 45005 45010 45015 45020 45030 45035 45040 45045 45050 45070 45075 45080 45084 45100 45108 45110 45120 45130 45140 45150 45170 45190 45200 45210 45250 45260 45280 45300 45301 45302 45304 45305 45306 45308 45310 45312 45314 45316 45318 45319 45320 45321 45322 45326 45328 45330 45336 45342 45350 45351 45352 45354 45356 45357 45358 45360 45364 45366 45367 45368 45371 45372 45374 45375 45376 45378 45380 45382 45384 45500 45510 45520 45530 45540 45543 45560 45570 45580 45590 45615 45670 45690 45740 45760 45770 45850 45840 45805 45870 45855 45810 45845 45895 45825 45815 45885 45820 45830 45880 45890 45860 45835 45800 45900 45901 45902 45904 45906 45908 45912 45914 45916 45918 45919 45920 45921 45922 45924 45926 45928 45930 45932 45938 45944 45946 45952 45953 45954 45956 45960 45962 45966 45968 45969 45970 45972 45974 45976 45978 45980 45982 45984 45990 
MED

MED ED
97231 97496 97311 97497 97412 97414 97492 97495 97645 97646 97647 97648 97649 
MED HUM
30200 
MGMT
38000 38001 38012 38016 38026 38038 38042 38046 38050 38055 38057 38061 38066 38071 38074 38075 38077 38084 38098 38101 38111 38119 38122 38125 38136 38150 38170 38175 38176 38190 38212 38215 38218 38226 38249 38291 38294 38306 38315 38296 38432 38458 38470 
MGMT EP
39302 39307 39317 39322 
MGMT FE
39505 39520 39521 39531 39545 39551 39552 39555 39559 39569 39583 39588 39598 39604 39612 39653 39659 39686 39667 39666 39678 39664 39689 
MGMT HC
39402 39412 39421 39435 39480 
MGMTMBA
38515 38516 38525 38526 38530 38531 38550 38551 38564 38581 38585 38587 38589 38610 38616 38618 38630 38649 38693 38694 38676 38652 38692 38699 38743 
MGMTPHD
39023 39088 39086 39039 39008 39202 39222 39223 39224 39225 39226 39227 39228 39229 39230 39231 39232 39233 39234 39235 39236 39237 39238 39239 39240 39241 39242 39243 39244 39245 39246 39247 39248 39249 39250 39251 39252 39253 
MIC BIO
97315 97319 97333 
MOL BIO
10146 10155 10156 10157 10158 10159 10160 10080 10065 10100 10120 10032 10152 10153 10134 10138 10035 10115 10030 10067 10005 10136 10020 10119 10090 10130 10128 10150 10010 10148 10149 10147 10145 10118 10133 10151 10015 10154 10140 10024 10122 10055 10085 10075 10125 10105 10200 10204 10206 10208 10210 10212 10214 10216 10218 10220 10224 10226 10228 10230 10232 10234 10236 10238 10240 10244 10246 10248 10252 10254 10256 10258 10260 10262 10264 10266 10268 10269 10270 10271 10272 10273 10274 10275 10276 10277 10278 10300 10462 10465 10466 10467 10426 10420 10406 10438 10456 10416 10434 10410 10422 10402 10452 10450 10468 10430 10444 10400 10432 10412 10440 10448 10460 10461 10418 10454 10463 10404 10458 10408 10414 10464 10442 10424 10428 10436 10510 10515 10518 10524 10525 10630 10635 10740 10741 10800 10801 10802 10803 10804 10805 10806 10808 10810 10812 10813 10814 10815 10816 10817 10818 10819 10850 10910 10990 
MPAC
38952 38955 38961 38972 38988 38989 38973 38990 38991 
MUSIC
04000 04010 04020 04022 04030 04040 04050 04060 04080 04082 04090 04120 04130 04100 04140 04095 04110 04145 04160 04148 04150 04190 04203 04170 04180 04220 04222 04230 04235 04240 04250 04260 04270 04280 04290 04300 04320 04330 04340 04350 04360 04370 04380 04400 04402 04420 04410 04412 04440 04430 04450 04480 04470 04460 04490 04540 04520 04530 04570 04550 04510 04580 04560 04590 04592 04600 04610 04620 04630 04650 04670 04672 04680 04710 04720 04730 04740 04750 04752 04754 04756 04760 04762 04764 04770 04780 04782 04784 04786 04810 04820 04830 04840 04800 04802 04804 04850 04852 04854 04856 04858 04860 04870 04880 04890 04900 04920 04922 04924 04940 04990 99975 
NET SYS
37200 37295 
NEURBIO
11001 11027 11011 11067 11058 11059 11045 11028 11016 11009 11015 11036 11049 11037 11055 11013 11046 11005 11019 11069 11004 11017 11054 11012 11024 11042 11057 11007 11061 11010 11014 11002 11048 11068 11090 11227 11211 11265 11258 11259 11248 11206 11216 11215 11236 11245 11237 11255 11213 11246 11203 11219 11267 11204 11217 11254 11212 11224 11242 11257 11207 11263 11218 11210 11214 11202 11266 11400 11500 11501 11507 11510 11511 11550 11690 11950 
NEUROL
97343 97345 97346 97347 97348 97354 97355 97362 
NUR SCI
88000 88006 88011 88015 88050 88100 88135 88190 88191 88192 88193 88194 88200 88230 88247 88255 88260 88265 88300 88405 88410 88415 88420 88440 88445 88446 88450 88460 88470 88475 88476 88477 88480 
OB/GYN
97372 97382 97383 97384 97385 97386 97387 97388 97389 97390 97392 97395 97398 97405 
OPHTHAL
97421 97422 97425 97434 
PATH
93040 93010 93018 93034 93005 93012 93013 93016 93022 93026 93030 93042 93036 93024 93020 93028 93105 93110 93112 93113 93114 93116 93118 93120 93124 93126 93128 93130 93134 93136 93138 93140 93145 93150 93152 93153 93154 93156 93158 93160 93164 93166 93168 93170 93174 93176 93178 93180 93200 93215 93400 93402 93404 93406 93408 97446 97449 97460 97461 97462 97463 97464 97465 97466 97468 97469 97470 97471 97472 97473 97475 97484 97485 97489 97490 
PED GEN
93510 93520 93550 93600 93650 93670 93700 93750 93770 93800 93900 93902 93904 93906 93908 93910 93912 93914 93916 93918 93920 93922 93924 93926 93928 93930 93932 93934 
PEDS
97508 97509 97518 97519 97523 97524 97525 97526 97527 97528 97530 97531 97532 97533 97534 97535 97536 97538 97539 97540 97542 97543 97547 97548 97549 97550 97553 
PERSIAN
30250 30260 30280 30285 
PHARM
94005 94160 94170 94400 94490 97565 97580 97585 
PHILOS
30300 30320 30330 30345 30390 30450 30480 30500 30505 30520 30530 30535 30557 30640 30650 30700 30701 30702 30703 30704 30705 30706 30707 30708 30709 30710 30711 30712 30785 30800 30871 30875 30890 30880 30905 30920 30940 30955 30950 30945 31000 31002 31004 31006 31008 31010 31012 31014 31016 31018 31020 31021 31022 31100 31102 31104 31106 31108 31110 31112 31114 31116 31118 31120 31121 31122 31140 
PHRMSCI
88520 88530 88540 88550 88560 88570 88581 88582 88583 88584 88585 88586 88587 88588 88589 88590 88620 88630 88631 88632 88633 88634 88635 88636 88637 88638 88639 88640 88641 88642 88643 88644 88645 88646 88647 88652 88654 88656 88658 88660 88662 88664 88666 88668 88670 88672 88674 88676 88678 88679 88680 88681 88682 88683 88685 88690 88700 88702 88708 88710 88720 88722 88724 88726 88728 88730 88732 88734 88736 88738 88740 88742 88744 88745 88746 88747 88748 88749 88750 88752 88760 88765 
PHY SCI
49004 49005 49080 49100 49500 49700 
PHYSICS
47000 47030 47100 47150 47170 47201 47202 47203 47204 47205 47206 47207 47208 47209 47210 47211 47212 47213 47214 47215 47216 47217 47218 47219 47220 47221 47222 47223 47224 47225 47226 47227 47228 47229 47230 47231 47232 47260 47280 47290 47301 47302 47303 47304 47305 47306 47307 47308 47309 47310 47311 47312 47313 47314 47315 47316 47317 47318 47319 47320 47321 47322 47323 47330 47340 47351 47352 47353 47354 47355 47356 47357 47358 47359 47360 47361 47362 47363 47364 47365 47370 47415 47420 99980 47430 99985 47437 47445 47481 47482 47483 47484 47500 47550 47600 47620 47640 47650 47660 47680 47720 47740 47760 47815 47820 47842 47901 47905 47907 47910 47911 47913 47914 47915 47917 47919 47920 47921 47923 47924 47925 47927 47928 47929 47931 47933 47935 47936 47937 47939 47941 47943 47945 47946 47947 47949 47951 47953 47955 47957 47961 47965 47966 47967 47969 47970 47971 47973 47983 47985 47987 47989 47991 47993 47994 47995 47997 47999 48001 48003 48005 48006 48007 48008 48009 48010 48011 48013 48014 48015 48017 48051 48053 48054 48055 48056 48057 48059 48061 48063 48065 48067 48069 48071 48073 48074 48075 48076 48077 48079 48081 48083 48085 48087 48089 48091 48093 48094 48095 48097 48099 48101 48103 48105 48107 48108 48109 48110 48111 48113 48115 48117 48119 48120 48121 48123 48125 48127 48129 48131 48133 48134 48135 48136 48137 48139 48141 48142 48143 48151 48153 48154 48155 48156 48157 48159 48161 48163 48165 48167 48169 48171 48173 48174 48175 48176 48177 48179 48181 48183 48185 48187 48189 48191 48193 48194 48195 48197 48199 48201 48203 48205 48207 48208 48209 48210 48211 48213 48215 48217 48219 48220 48221 48223 48225 48227 48229 48231 48233 48234 48235 48236 48237 48239 48241 48242 48243 48251 48255 48257 48259 48260 48261 48263 48265 48267 48269 48271 48273 48275 48277 48279 48280 48281 48282 48283 48285 48287 48289 48291 48293 48295 48297 48299 48301 48302 48305 48307 48309 48311 48313 48317 48321 48322 48323 48325 48326 48327 48329 48331 48333 48335 48337 48339 48340 48341 48343 48345 48347 48349 48351 48352 48353 48354 48355 48356 48357 48358 48359 48361 48363 48380 48390 48410 48416 48420 48460 48480 48495 48500 48505 48540 48550 48560 48570 48575 48590 48601 48605 48607 48608 48609 48611 48613 48615 48616 48617 48618 48619 48620 48621 48623 48625 48627 48629 48631 48633 48635 48636 48637 48639 48641 48643 48644 48645 48647 48648 48649 48650 48651 48653 48655 48657 48658 48659 48661 48663 48665 48667 48668 48669 48670 48671 48672 48673 48701 48703 48704 48705 48707 48709 48711 48713 48715 48717 48719 48721 48725 48727 48729 48731 48732 48733 48735 48737 48739 48741 48743 48750 48801 48805 48807 48809 48811 48813 48815 48817 48819 48821 48823 48825 48826 48827 48829 48830 48831 48833 48835 48837 48838 48839 48841 48843 48845 48847 48849 48851 48853 48855 48857 48859 48863 48867 48869 48871 48872 48873 48875 48877 48879 48881 48883 48885 48887 48888 48889 48891 48893 48895 48897 48899 48900 48901 48902 48903 48905 48906 48907 48909 48950 48952 48954 48956 48990 
PHYSIO
94501 94503 94506 94510 94514 94518 94522 94526 94530 94534 94538 94542 94546 94550 94554 94558 94562 94566 94502 94504 94508 94512 94516 94520 94524 94528 94532 94536 94540 94544 94548 94552 94556 94560 94564 94568 94569 94576 94596 94572 94584 94592 94594 94586 94578 94598 94588 94590 94580 94582 94570 94574 94650 94660 94670 94690 94800 94850 94852 94854 94856 94857 94858 94920 94922 94924 94926 94928 94930 94932 94934 94936 94940 94942 94944 94946 94947 94948 94950 94952 97598 97609 
PLASTIC

PM&R
97628 97636 97640 
POL SCI
67000 67016 67033 67050 67070 67090 67100 67120 67140 67144 67145 67155 67175 67195 67190 67200 67210 67225 67235 67259 67250 67270 67300 67320 67350 67380 67390 67400 67385 67405 67410 67415 67420 67429 67450 67465 67455 67520 67570 67575 67620 67625 67626 67627 67628 67629 67630 67631 67632 67633 67634 67635 67636 67637 67638 67639 67640 67641 67642 67643 67644 67645 67646 67647 67648 67649 67650 67651 67652 67653 67654 67655 67656 67657 67658 67659 67660 67661 67662 67663 67664 67665 67666 67667 67668 67669 67670 67680 67690 67691 67692 67693 67700 67701 67702 67703 67704 67705 67706 67708 67709 67710 67711 67712 67713 67714 67715 67716 67717 67718 67719 67720 67721 67722 67724 67725 67726 67727 67728 67729 67730 67731 67732 67733 67734 67735 67736 67737 67738 67739 67740 67805 67821 67826 67810 67833 67830 67835 67836 67837 67845 67900 67901 67902 67904 67905 67906 67907 67908 67909 67910 67911 67912 67913 67914 67915 67916 67917 67918 67919 67920 67921 67922 67924 67925 67926 67927 67928 67929 67931 67933 67934 67935 67936 67937 67938 67939 67940 67941 67942 67943 67944 67945 67946 67947 67950 67951 67952 67954 67955 67956 67957 67958 67959 67960 67961 67962 67963 67964 67965 67966 67967 67968 67969 67970 67971 67972 67974 67975 67976 67977 67978 67979 67980 67981 67983 67984 67985 67986 67987 67988 67989 67990 67991 67992 67993 67994 67995 67996 67997 67998 67999 
PORTUG
32395 
PP&D
53005 53025 53020 53100 53110 53115 53135 53140 53145 53155 53400 53500 53502 53504 53506 53508 53510 53512 53514 53516 53518 53519 53520 53522 53524 53526 53528 53530 53531 53535 53539 53550 53557 53556 53555 53553 53554 53560 53580 53590 53600 53602 53604 53606 53607 53608 53610 53612 53614 53616 53618 53620 53622 53624 53626 53628 53630 53634 53636 53638 53700 53702 53704 53706 53708 53710 53712 53714 53716 53717 53718 53720 53722 53724 53726 53728 53730 53732 53736 53738 53800 53802 53804 53806 53808 53810 53812 53814 53816 53817 53818 53820 53822 53824 53826 53828 53830 53832 53836 53838 53840 53841 53842 
PSY BEH
54000 54010 54020 54030 54050 54080 54100 54110 54120 54130 54140 54150 54160 54170 54190 54210 54270 54274 54285 54305 54330 54340 54341 54350 54360 54450 54480 54485 54490 54500 54510 54520 54525 54528 54530 54540 54550 54570 54600 54650 54660 54680 54696 54698 54700 54702 54704 54706 54707 54708 54710 54712 54714 54716 54718 54720 54722 54724 54726 54728 54730 54732 54733 54734 54736 54738 54740 54742 54744 54746 54748 54795 54800 54802 54804 54806 54807 54808 54810 54812 54814 54816 54818 54820 54822 54824 54826 54828 54829 54830 54832 54833 54834 54836 54838 54840 54842 54844 54846 54848 54890 54900 54902 54904 54906 54908 54910 54912 54913 54914 54916 54917 54918 54920 54922 54924 54926 54928 54931 54932 54933 54934 54936 54937 54938 54940 54942 54944 54946 
PSYCH
68000 68010 68020 68030 68050 68080 68130 68200 68201 68210 68211 68212 68213 68220 68221 68222 68230 68240 68255 68310 68320 68350 68380 68400 68415 68430 68490 68500 68530 68540 68550 68610 68630 68680 68690 68700 68720 68761 68762 68763 68764 68765 68766 68767 68768 68769 68770 68771 68772 68773 68774 68775 68776 68777 68778 68779 68780 68781 68782 68783 68784 68785 68786 68787 68788 68789 68800 68815 68825 68840 68850 68860 68873 68870 68875 68880 68921 68922 68923 68924 68925 68926 68927 68928 68929 68930 68931 68932 68933 68934 68935 68936 68937 68938 68939 68940 68941 68942 68943 68944 68945 68946 68947 68948 68949 68950 68951 68961 68962 68963 68964 68965 68966 68967 68968 68969 68970 68971 68972 68973 68974 68975 68976 68977 68978 68979 68980 68981 68982 68983 68984 68985 68986 68987 68988 68989 68990 68991 97656 97657 97661 97670 97671 97672 97673 97674 97675 97678 97682 97684 97695 97699 97700 
PUB POL
55099 59000 
PUBHLTH
89000 89010 89015 89050 89100 89140 89150 89160 89171 89180 89200 89219 89220 89221 89224 89230 89260 89290 89300 89305 89307 89320 89337 89340 89341 89342 89348 89349 89350 89351 89352 89353 89354 89355 89356 89357 89358 89359 89362 89363 89364 89365 89366 89367 89368 89370 89372 89374 89376 89378 89380 89382 89383 89384 89386 89388 89390 89392 89393 89398 89400 89401 89402 89403 89404 89405 89406 89407 89408 89409 89410 89414 89415 89416 89417 89418 89419 89420 89422 89424 89426 89428 89430 89432 89434 89435 89436 89438 89440 89442 89444 89446 89447 89448 89449 89520 89525 89531 89533 89534 89535 89537 89543 89545 89550 89553 89560 89565 89575 89640 89650 89724 89750 89751 89752 89753 89754 89756 89758 89759 89760 89764 89765 89766 89767 89768 89770 89772 89774 89800 89801 89802 89803 89804 89805 89806 89808 89810 89811 89812 89813 89814 89815 89816 89817 89818 89820 89822 89824 89826 89828 89830 89833 89834 89900 89901 89902 89903 89904 89905 89906 89907 89908 89910 89911 89912 89913 89914 89915 89916 89917 89918 89920 89922 89924 89926 89928 89930 89932 89933 89990 89993 89999 
RAD SCI

RADIO
97710 97720 97721 97722 97723 97724 97725 97726 97727 97729 97731 97732 97735 97736 97739 
REL STD
31200 31213 31214 31212 31216 31249 
ROTC
86010 86012 86022 86100 86132 86142 86297 
RUSSIAN
31253 31254 31268 31277 31286 
SOC SCI
63010 70010 70030 70050 70090 70095 70130 70140 70150 70155 70175 70200 70210 70215 70350 70360 70375 70376 70400 70405 70415 70420 70530 70535 70537 70540 70555 70600 70710 70815 70810 70845 70800 70780 70875 70850 70740 70715 70825 70720 70770 70735 70745 70755 70805 70700 70885 70870 70900 70930 70940 70950 70955 70960 70970 70980 70981 70982 70985 70990 70991 70993 70994 71000 71001 71002 71003 71004 71005 71006 71007 71008 71009 71010 71011 71012 71013 71014 71015 71016 71140 71200 72601 72602 72604 72605 72606 72607 72608 72609 72610 72611 72612 72613 72614 72615 72616 72617 72618 72619 72620 72622 72623 72624 72625 72626 72627 72628 72630 72631 72632 72633 72634 72635 72701 72702 72703 72705 72706 72707 72708 72709 72710 72711 72712 72713 72714 72715 72716 72717 72718 72719 72720 72722 72723 72724 72725 72726 72727 72728 72729 72730 72732 72733 72735 72736 72737 72738 72790 
SOCECOL
50020 50075 50110 50160 50190 50192 50199 50207 50210 50220 50270 50292 50298 50300 50311 50312 50313 50314 50320 50321 50323 50324 50325 50326 50340 50342 50345 50348 50350 50354 50356 50358 50360 50362 50364 50366 50368 50370 50372 50376 50378 50380 50382 50384 50386 50388 50390 50392 50394 50396 50398 50400 50402 50404 50406 50410 50414 50416 50418 50420 50424 50426 50428 50429 50432 50435 50438 50440 50442 50444 50446 50450 50452 50454 50456 50458 50460 50462 50464 50466 50472 50474 50476 50480 50482 50484 50488 50490 50538 50539 50542 50544 50546 50547 50548 50549 50550 50551 50552 50553 50554 50555 50556 50650 50652 50654 50656 50658 50660 50662 50664 50666 50668 50670 50674 50676 50678 50680 50682 50684 50686 50688 50692 50694 50696 50700 50702 50704 50706 50708 50710 50714 50716 50718 50720 50724 50725 50726 50728 50730 50731 50734 50736 50738 50740 50742 50744 50745 50746 50750 50752 50754 50756 50760 50762 50764 50766 50767 50768 50772 50774 50776 50784 50788 50790 50792 50794 50796 50798 50800 50802 50804 50806 50808 50814 50815 50816 50817 50819 50820 50821 50822 50850 50860 50900 50905 51000 51006 51008 51012 51014 51016 51018 51020 51024 51028 51032 51036 51038 51042 51044 51046 51048 51050 51052 51054 51058 51060 51062 51064 51066 51068 51070 51072 51074 51078 51080 51082 51084 51086 51088 51090 51094 51096 51098 51102 51110 51112 51114 51118 51120 51122 51124 51128 51132 51134 51135 51136 51137 51138 51139 51200 51206 51208 51212 51214 51216 51218 51224 51228 51232 51236 51238 51242 51244 51246 51248 51250 51252 51254 51258 51260 51262 51264 51266 51268 51270 51272 51274 51278 51280 51282 51284 51286 51288 51292 51294 51296 51298 51305 51310 51312 51314 51318 51320 51322 51324 51326 51328 51330 51332 51334 51336 51338 51346 51350 51352 51353 51354 51355 51356 51357 51358 51400 51406 51408 51412 51414 51416 51418 51424 51426 51428 51432 51436 51438 51442 51444 51446 51448 51450 51452 51454 51458 51460 51462 51464 51466 51468 51470 51472 51474 51478 51480 51482 51484 51486 51488 51492 51494 51496 51498 51502 51510 51512 51514 51518 51520 51522 51524 51526 51528 51530 51531 51532 51533 51534 51535 51536 51602 51608 51610 51614 51616 51618 51620 51622 51628 51634 51638 51640 51644 51646 51648 51650 51652 51654 51656 51660 51662 51663 51664 51668 51670 51672 51674 51676 51678 51680 51682 51684 51686 51688 51690 51694 51696 51698 51699 51707 51710 51712 51714 51720 51722 51724 51728 51730 51732 51734 51736 51738 51740 51742 51743 51744 51745 51746 51747 51748 51749 51800 51808 51810 51816 51818 51822 51824 51829 51830 51834 51836 51842 51843 51846 51848 51850 51852 51854 51856 51858 51862 51864 51868 51870 51878 51880 51882 51884 51886 51889 51890 51892 51900 51902 51905 51908 51910 51914 51918 51920 51922 51924 51926 51928 51929 51930 51931 51932 51933 51934 51935 51936 51937 51938 51990 
SOCIOL
69000 69050 69070 69100 69150 69180 69200 69240 69270 69310 69320 69330 69345 69360 69410 69440 69450 69470 69480 69500 69510 69520 69530 69550 69555 69600 69605 69611 69612 69613 69614 69615 69616 69617 69618 69619 69620 69621 69622 69623 69624 69625 69626 69627 69628 69629 69630 69631 69632 69633 69634 69635 69636 69637 69638 69639 69640 69641 69671 69672 69673 69674 69675 69676 69677 69678 69679 69680 69681 69682 69683 69684 69685 69686 69687 69688 69689 69690 69691 69692 69693 69694 69695 69696 69697 69698 69699 69700 69701 69702 69703 69704 69705 69750 69760 69767 69765 69770 69775 69780 69790 69787 69807 69805 69810 69825 69845 69840 69850 69855 69880 69901 69902 69903 69904 69905 69906 69907 69908 69909 69910 69911 69912 69913 69914 69915 69916 69917 69918 69919 69920 69921 69922 69923 69924 69925 69926 69927 69928 69929 69930 69931 69932 69951 69952 69953 69954 69955 69956 69957 69958 69959 69960 69961 69962 69963 69964 69965 69966 69967 69968 69969 69970 69971 69972 69973 69974 69975 69976 69977 69978 69979 69980 69981 69982 
SPANISH
31300 31310 31320 31322 31324 31326 31328 31340 31510 31530 31532 31534 31550 31595 31690 31710 31715 31714 31780 31800 31820 31823 31950 31952 31954 31956 31958 31960 31962 31964 31966 31968 31970 31971 32020 32025 32100 32102 32104 32106 32108 32110 32112 32114 32116 32118 32120 32122 32124 32200 32202 32204 32206 32208 32212 32214 32216 32218 32220 32222 32224 32226 32250 32252 32254 32256 32258 32260 32262 32264 32266 32268 32270 32272 32274 32300 32302 32304 32306 32308 32310 32312 32314 32316 32318 32320 32322 32325 32390 
SPPS
72800 72820 
STATS
37300 37310 37320 37330 37340 37350 37360 37370 37380 37390 37395 37400 37410 37450 37501 37502 37503 37504 37505 37506 37507 37508 37509 37510 37511 37512 37513 37514 37515 37516 37600 37610 37615 37620 37630 37640 37650 37660 37670 37680 37700 37710 37750 37801 37802 37803 37804 37805 37806 37807 37808 37809 37810 37811 37812 37813 37814 37815 37816 37817 37818 37851 37852 37853 37854 37855 37856 37857 37858 37859 37860 37861 37862 37863 37864 37865 37866 37867 37868 
SURGERY
97749 97752 97755 97757 97758 97759 97760 97762 97763 97764 97765 97766 97770 97771 97772 97773 97774 97775 97776 97777 97778 97786 97787 97788 97795 97796 97797 97799 97800 97810 
TAGALOG

TOX

UCDC
86370 86383 86386 86387 86384 86389 86382 86388 86400 
UNI AFF
86510 86530 86540 86550 86560 86570 86580 86590 86600 86610 86620 86630 86640 86650 86660 86670 86680 86690 86700 86710 86720 86730 86740 86750 86760 86770 86780 86790 86800 86810 86820 86830 86840 86850 86860 86870 86920 86930 86940 86950 86960 
UNI STU
87500 87560 87564 87563 87558 87566 87562 87552 87554 87557 87555 87565 87553 87556 87561 87559 87625 87630 87669 87670 87700 87710 87715 87716 87717 87750 87760 87761 87762 87763 87764 87765 87766 87767 87768 87769 87807 87810 87840 87850 87900 87901 
VIETMSE
32410 32430 32450 32460 
VIS STD
32545 32547 32560 32550 32555 32600 32602 32604 32606 32608 32610 32612 32614 32616 32618 32620 32622 32624 32626 32628 32630 32632 32634 32636 32638 32640 32642 32644 32646 32648 32650 32652 32654 32656 32658 32700 32702 32704 32706 32708 32710 32712 32714 32716 32718 32720 32722 32724 32726 32728 32730 32732 32734 32736 32738 32740 32742 32744 32746 32748 32750 32752 32754 32756 32758 32800 32802 32804 32806 32808 32810 32812 32814 32816 32818 32820 32822 32824 32826 32828 32830 32832 32834 32836 32838 32840 32842 32844 32846 32848 32850 32852 32854 32856 32900 32902 32904 32906 32908 32910 32912 32914 32916 32918 32920 32922 32924 32926 32928 32930 32932 32934 32936 32938 32940 32942 32944 32946 32948 32950 32952 32954 32956 
WOMN ST

WRITING
33010 33012 33014 33016 33018 33020 33030 33032 33034 33036 33038 33040 33042 33043 33044 33045 33046 33048 33049 33050 33061 33062 33063 33064 33065 33066 33067 33068 33069 33070 33071 33072 33073 33074 33075 33076 33077 33078 33079 33080 33081 33082 33083 33084 33085 33086 33087 33088 33089 33090 33091 33092 33093 33094 33095 33150 33152 33154 33156 33201 33202 33203 33204 33205 33206 33207 33208 33209 33210 33211 33212 33213 33214 33215 33216 33217 33218 33219 33220 33221 33222 33223 33224 33225 33226 33227 33228 33229 33230 33231 33232 33233 33234 33235 33236 33237 33238 33239 33240 33241 33242 33243 33244 33245 33246 33247 33248 33249 33250 33251 33252 33253 33254 33255 33256 33257 33258 33259 33260 33261 33262 33263 33264 33265 33266 33267 33268 33269 33270 33271 33272 33273 33274 33275 33276 33277 33278 33279 33280 33281 33282 33283 33284 33285 33286 33287 33288 33289 33290 33301 33302 33303 33304 33305 33306 33307 33308 33309 33310 33311 33312 33313 33314 33315 33316 33317 33318 33319 33320 33321 33322 33323 33324 33325 33326 33327 33328 33329 33330 33331 33332 33333 33334 33335 33336 33337 33338 33339 33340 33341 33342 33343 33344 33345 33346 33347 33348 33349 33350 33351 33352 33353 33354 33355 33356 33357 33358 33359 33360 33361 33362 33363 33364 33365 33366 33367 33368 33369 33370 33371 33372 33373 33374 33375 33376 33377 33378 33379 33380 33381 33382 33383 33400 33440 33470 33700 33702 33704 33706 33708 33800 33810 33820 33850 33860 33870 
